0 0.051742 0.888889 0.101434 0.222222
0 0.075307 0.664845 0.142418 0.218579
0 0.144467 0.493625 0.112705 0.167577
0 0.188012 0.360656 0.080943 0.127505
0 0.228484 0.265938 0.061475 0.087432
0 0.233607 0.875228 0.149590 0.249545
0 0.441598 0.894353 0.155738 0.211293
0 0.648566 0.807832 0.163934 0.253188
0 0.281250 0.599271 0.111680 0.174863
0 0.302766 0.412568 0.085041 0.151184
0 0.313012 0.294171 0.068648 0.089253
0 0.314037 0.231330 0.058402 0.080146
0 0.332992 0.167577 0.055328 0.065574
0 0.448258 0.622040 0.117828 0.183971
0 0.452357 0.451730 0.091189 0.153005
0 0.459529 0.323315 0.070697 0.114754
0 0.496414 0.247723 0.074795 0.102004
0 0.529713 0.180328 0.057377 0.080146
0 0.263832 0.173953 0.052254 0.060109
0 0.872439 0.784153 0.205943 0.275046
0 0.760246 0.576503 0.122951 0.198543
0 0.716701 0.419854 0.089139 0.143898
0 0.964139 0.242259 0.059426 0.112933
0 0.691086 0.331512 0.066598 0.131148
0 0.615266 0.196721 0.064549 0.105647
0 0.657787 0.140255 0.061475 0.069217
0 0.563012 0.307832 0.070697 0.109290
0 0.583504 0.400729 0.076844 0.134791
0 0.607070 0.563752 0.113730 0.198543
0 0.486680 0.079235 0.084016 0.056466
0 0.840164 0.085610 0.061475 0.047359
0 0.746414 0.126594 0.060451 0.074681
0 0.697746 0.232240 0.059426 0.074681
