0 0.579834 0.953213 0.066944 0.093575
0 0.702495 0.892701 0.056965 0.103556
0 0.564449 0.775109 0.062786 0.121647
0 0.660915 0.786650 0.058628 0.096070
0 0.477131 0.965377 0.066944 0.069245
0 0.808732 0.783531 0.050728 0.098565
0 0.762370 0.495321 0.048649 0.084841
0 0.691684 0.492514 0.047817 0.079226
0 0.824116 0.483157 0.044906 0.064255
0 0.777339 0.438865 0.048649 0.066750
0 0.731393 0.411728 0.041580 0.057392
0 0.746985 0.358391 0.042827 0.058016
0 0.793139 0.390206 0.037838 0.058016
0 0.845322 0.395508 0.046570 0.062383
0 0.765281 0.300686 0.038669 0.054897
0 0.820374 0.324080 0.041580 0.067998
0 0.806237 0.235184 0.041580 0.061135
0 0.833264 0.275733 0.044906 0.062383
0 0.875884 0.167498 0.034511 0.050530
0 0.881497 0.302870 0.031601 0.059264
0 0.907277 0.236744 0.040748 0.058016
0 0.918295 0.185901 0.030353 0.056145
0 0.840956 0.136307 0.039501 0.045540
0 0.070478 0.956956 0.076923 0.077355
0 0.120374 0.895508 0.081081 0.079226
0 0.148025 0.823768 0.078170 0.066750
0 0.120166 0.760761 0.069023 0.074236
0 0.219127 0.732689 0.064033 0.075483
0 0.164449 0.712102 0.061954 0.074236
0 0.060915 0.635995 0.070270 0.077979
0 0.061954 0.747037 0.064033 0.074236
0 0.095010 0.594198 0.058628 0.066750
0 0.140541 0.555521 0.064865 0.065502
0 0.188773 0.664067 0.059875 0.051778
0 0.273597 0.468497 0.046570 0.056145
0 0.322453 0.567374 0.057796 0.059264
0 0.434719 0.405490 0.048649 0.054897
0 0.246985 0.398004 0.054886 0.061135
0 0.464033 0.364317 0.042412 0.054897
0 0.314137 0.312851 0.048649 0.051778
0 0.275884 0.366812 0.047817 0.056145
0 0.392100 0.315034 0.044906 0.049906
