0 0.081289 0.465689 0.094387 0.317530
0 0.080873 0.830006 0.085239 0.231441
0 0.251143 0.573924 0.111435 0.415471
0 0.253222 0.116344 0.093139 0.225203
0 0.416424 0.482221 0.103534 0.339364
0 0.413514 0.876170 0.099376 0.247661
0 0.589813 0.135371 0.099376 0.269495
0 0.594802 0.547723 0.103534 0.326887
0 0.757173 0.343731 0.093139 0.229570
0 0.760707 0.747349 0.118503 0.339364
0 0.588358 0.918902 0.104782 0.162196
0 0.928067 0.842795 0.114761 0.314410
0 0.925572 0.426076 0.091476 0.250780
0 0.749896 0.065190 0.099376 0.129133
