0 0.144583 0.850556 0.240833 0.118889
0 0.255208 0.955000 0.232917 0.090000
0 0.555000 0.940556 0.241667 0.118889
0 0.460625 0.825278 0.247917 0.126111
0 0.101458 0.645556 0.202083 0.118889
0 0.117292 0.538056 0.197917 0.117222
0 0.072292 0.444167 0.142083 0.108333
0 0.083333 0.386944 0.164167 0.108333
0 0.178125 0.376111 0.182917 0.126667
0 0.044583 0.270556 0.086667 0.100000
0 0.063542 0.185556 0.117917 0.127778
0 0.165417 0.124722 0.131667 0.108333
0 0.401875 0.736667 0.188750 0.100000
0 0.377292 0.635556 0.197083 0.114444
0 0.365000 0.572778 0.223333 0.103333
0 0.296875 0.485833 0.195417 0.108333
0 0.227500 0.290556 0.170000 0.110000
0 0.614583 0.650833 0.205833 0.113889
0 0.742917 0.823056 0.210833 0.180556
0 0.810208 0.725556 0.182917 0.146667
0 0.951875 0.918056 0.096250 0.132778
0 0.587500 0.544444 0.214167 0.114444
0 0.558542 0.477222 0.188750 0.100000
0 0.457083 0.409444 0.205833 0.115556
0 0.440417 0.334444 0.172500 0.083333
0 0.292083 0.228889 0.170000 0.106667
0 0.347083 0.181667 0.157500 0.095556
0 0.292292 0.106111 0.147083 0.083333
0 0.210625 0.038333 0.157083 0.074444
0 0.413542 0.059722 0.135417 0.101667
0 0.510208 0.140000 0.150417 0.086667
0 0.551875 0.193333 0.182917 0.100000
0 0.509375 0.244167 0.162083 0.100556
0 0.725000 0.171667 0.170000 0.094444
0 0.727917 0.252778 0.178333 0.086667
0 0.668542 0.358611 0.197917 0.100556
0 0.712292 0.308333 0.200417 0.092222
0 0.585000 0.089167 0.172500 0.101667
0 0.802083 0.136944 0.164167 0.086111
0 0.920208 0.208056 0.159583 0.070556
0 0.936875 0.328611 0.126250 0.117222
0 0.922500 0.413333 0.155000 0.086667
0 0.710625 0.433333 0.192083 0.111111
0 0.823333 0.519722 0.190833 0.105000
0 0.812500 0.582222 0.196667 0.140000
0 0.876667 0.070000 0.170000 0.087778
