0 0.034146 0.582602 0.066341 0.150585
0 0.100976 0.674708 0.135610 0.141813
0 0.241463 0.766082 0.160976 0.152047
0 0.355610 0.863304 0.157073 0.144737
0 0.435122 0.954678 0.146341 0.090643
0 0.090244 0.518275 0.133659 0.144737
0 0.245854 0.652778 0.156098 0.133041
0 0.388780 0.755848 0.133659 0.152047
0 0.507805 0.864766 0.164878 0.153509
0 0.633171 0.947368 0.156098 0.105263
0 0.051707 0.351608 0.101463 0.141813
0 0.164390 0.432749 0.141463 0.134503
0 0.256585 0.519006 0.130732 0.140351
0 0.355610 0.595760 0.131707 0.138889
0 0.459024 0.674708 0.151220 0.133041
0 0.597073 0.788012 0.154146 0.146199
0 0.707805 0.877924 0.162927 0.153509
0 0.827805 0.953216 0.168780 0.093567
0 0.138049 0.301901 0.127805 0.124269
0 0.278537 0.407895 0.147317 0.128655
0 0.420488 0.508772 0.132683 0.119883
0 0.539512 0.590643 0.156098 0.134503
0 0.641951 0.684211 0.146341 0.149123
0 0.809756 0.795322 0.152195 0.157895
0 0.928780 0.904240 0.142439 0.156433
0 0.150732 0.191520 0.120000 0.114035
0 0.256098 0.271199 0.131707 0.112573
0 0.370732 0.359649 0.119024 0.134503
0 0.481951 0.435673 0.126829 0.122807
0 0.579512 0.516082 0.144390 0.122807
0 0.735610 0.606725 0.161951 0.198830
0 0.861951 0.723684 0.155122 0.137427
0 0.117561 0.036550 0.108293 0.070175
0 0.188780 0.091374 0.125854 0.095029
0 0.279024 0.153509 0.124878 0.108187
0 0.404878 0.244152 0.136585 0.108187
0 0.492683 0.323830 0.122927 0.092105
0 0.620000 0.385234 0.143415 0.124269
0 0.733659 0.474415 0.140488 0.095029
0 0.830244 0.566520 0.113171 0.112573
0 0.944390 0.658626 0.111220 0.106725
0 0.914146 0.516813 0.148293 0.109649
0 0.807317 0.419591 0.137561 0.116959
0 0.707805 0.342836 0.155122 0.130117
0 0.572195 0.272661 0.145366 0.115497
0 0.483902 0.205409 0.115122 0.112573
0 0.389756 0.136696 0.127805 0.109649
0 0.297561 0.058480 0.122927 0.093567
0 0.461951 0.092105 0.127805 0.108187
0 0.563415 0.159357 0.125854 0.116959
0 0.673659 0.228070 0.141463 0.105263
0 0.776098 0.294591 0.137561 0.103801
0 0.906829 0.396199 0.123902 0.099415
0 0.921951 0.306287 0.136585 0.115497
0 0.740976 0.173977 0.147317 0.108187
0 0.617073 0.090643 0.141463 0.099415
0 0.064878 0.114035 0.104390 0.111111
