0 0.095052 0.718750 0.135417 0.178241
0 0.067708 0.605324 0.117188 0.173611
0 0.103516 0.497685 0.089844 0.129630
0 0.413411 0.890046 0.178385 0.210648
0 0.378255 0.763889 0.149740 0.226852
0 0.299479 0.637731 0.122396 0.173611
0 0.108073 0.383102 0.083333 0.094907
0 0.072266 0.334491 0.082031 0.159722
0 0.735026 0.884259 0.191406 0.231481
0 0.598307 0.751157 0.157552 0.192130
0 0.519531 0.612269 0.125000 0.206019
0 0.462240 0.511574 0.101562 0.148148
0 0.356120 0.310185 0.069010 0.101852
0 0.283854 0.149306 0.067708 0.145833
0 0.890625 0.752315 0.171875 0.263889
0 0.774089 0.678241 0.123698 0.171296
0 0.699870 0.600694 0.121094 0.150463
0 0.580729 0.417824 0.106771 0.206019
0 0.405599 0.430556 0.095052 0.138889
0 0.790365 0.366898 0.078125 0.094907
0 0.932292 0.460648 0.104167 0.134259
0 0.907552 0.354167 0.075521 0.111111
0 0.955729 0.315972 0.054688 0.094907
0 0.694661 0.300926 0.063802 0.092593
0 0.777995 0.258102 0.058594 0.090278
0 0.714844 0.210648 0.046875 0.078704
