0 0.204500 0.899550 0.091000 0.137931
0 0.074500 0.888306 0.101000 0.136432
0 0.124500 0.763868 0.083000 0.112444
0 0.233000 0.751124 0.064000 0.098951
0 0.258500 0.676162 0.059000 0.089955
0 0.180500 0.667916 0.047000 0.073463
0 0.324500 0.888306 0.083000 0.136432
0 0.330500 0.736132 0.099000 0.224888
0 0.433000 0.739130 0.060000 0.089955
0 0.452000 0.847826 0.086000 0.118441
0 0.619000 0.937031 0.130000 0.125937
0 0.554000 0.817841 0.086000 0.115442
0 0.523500 0.745127 0.075000 0.095952
0 0.495000 0.672414 0.068000 0.097451
0 0.765000 0.925787 0.144000 0.148426
0 0.680000 0.809595 0.106000 0.116942
0 0.615500 0.712144 0.077000 0.107946
0 0.574000 0.665667 0.054000 0.077961
0 0.544000 0.631184 0.052000 0.068966
