0 0.106944 0.624074 0.065278 0.141975
0 0.105556 0.621605 0.065278 0.141975
0 0.048611 0.472840 0.094444 0.125926
0 0.322569 0.683951 0.118750 0.153086
0 0.369097 0.790741 0.114583 0.151852
0 0.254514 0.909877 0.121528 0.162963
0 0.187500 0.730864 0.156944 0.325926
0 0.059375 0.167901 0.072917 0.116049
0 0.118403 0.320988 0.090972 0.118519
0 0.150694 0.381481 0.076389 0.113580
0 0.218056 0.477160 0.093056 0.097531
0 0.496181 0.906173 0.160417 0.187654
0 0.406944 0.899383 0.069444 0.151852
0 0.241667 0.535185 0.095833 0.090123
0 0.091319 0.257407 0.089583 0.095062
0 0.642708 0.935185 0.131250 0.129630
0 0.590972 0.818519 0.118056 0.123457
0 0.546875 0.735802 0.127083 0.160494
0 0.465625 0.619136 0.110417 0.107407
0 0.479861 0.706173 0.087500 0.148148
0 0.408333 0.562346 0.098611 0.122222
0 0.376042 0.470988 0.109028 0.132099
0 0.327083 0.394444 0.100000 0.164198
0 0.867708 0.954938 0.138194 0.090123
0 0.807986 0.866049 0.134028 0.171605
0 0.727431 0.785802 0.114583 0.154321
0 0.678472 0.701235 0.115278 0.148148
0 0.572222 0.580247 0.081944 0.133333
0 0.526389 0.498765 0.104167 0.130864
0 0.489236 0.425309 0.099306 0.127160
0 0.408681 0.295679 0.103472 0.141975
0 0.463194 0.203086 0.077778 0.100000
0 0.520486 0.269753 0.089583 0.137037
0 0.564236 0.325926 0.095139 0.125926
0 0.639931 0.413580 0.093750 0.128395
0 0.659722 0.474691 0.081944 0.129630
0 0.722917 0.521605 0.116667 0.146914
0 0.779514 0.612346 0.109028 0.133333
0 0.836806 0.677778 0.111111 0.145679
0 0.936458 0.819136 0.127083 0.174074
0 0.432639 0.125926 0.077778 0.111111
0 0.348958 0.204321 0.082639 0.117284
0 0.791667 0.441358 0.115278 0.144444
0 0.690972 0.325309 0.100000 0.129630
0 0.911111 0.571605 0.105556 0.128395
0 0.957639 0.658025 0.084722 0.125926
0 0.929861 0.432099 0.113889 0.143210
0 0.855556 0.361728 0.105556 0.113580
0 0.811458 0.303704 0.093750 0.108642
0 0.759375 0.253704 0.082639 0.117284
0 0.723264 0.203086 0.082639 0.132099
0 0.575694 0.156173 0.075000 0.085185
