0 0.460449 0.791667 0.227539 0.226562
0 0.363770 0.628906 0.206055 0.268229
0 0.271973 0.533854 0.139648 0.171875
0 0.241211 0.450521 0.144531 0.153646
0 0.166016 0.386068 0.130859 0.144531
0 0.909180 0.814453 0.181641 0.253906
0 0.731445 0.676432 0.203125 0.214844
0 0.672363 0.546875 0.198242 0.223958
0 0.566895 0.454427 0.163086 0.216146
0 0.499023 0.390625 0.128906 0.140625
0 0.446289 0.311849 0.144531 0.131510
0 0.297852 0.222005 0.146484 0.167969
0 0.153320 0.152995 0.126953 0.118490
0 0.041504 0.180339 0.081055 0.157552
0 0.106445 0.060547 0.099609 0.084635
0 0.214844 0.085286 0.117188 0.113281
0 0.369141 0.139323 0.134766 0.130208
0 0.522461 0.201823 0.158203 0.166667
0 0.685547 0.313802 0.158203 0.184896
0 0.917480 0.475911 0.161133 0.178385
0 0.947266 0.564453 0.105469 0.175781
0 0.560547 0.093750 0.103516 0.091146
0 0.672363 0.123047 0.125977 0.100260
0 0.812500 0.155599 0.140625 0.126302
0 0.927246 0.209635 0.120117 0.104167
0 0.811523 0.067708 0.138672 0.101562
0 0.952637 0.058594 0.094727 0.088542
