0 0.326172 0.672540 0.162109 0.220264
0 0.157715 0.819383 0.307617 0.361233
0 0.492676 0.531571 0.159180 0.214391
0 0.160645 0.337739 0.198242 0.352423
0 0.054688 0.119677 0.072266 0.089574
0 0.205566 0.137298 0.073242 0.074890
0 0.013184 0.065345 0.024414 0.074890
0 0.317871 0.223935 0.096680 0.145374
0 0.539551 0.369310 0.155273 0.192364
0 0.899902 0.342878 0.141602 0.148311
0 0.637207 0.167401 0.096680 0.096916
0 0.735840 0.174009 0.086914 0.077827
0 0.539062 0.100587 0.062500 0.069016
0 0.331055 0.080029 0.058594 0.057269
0 0.435059 0.083700 0.069336 0.064611
0 0.448730 0.055800 0.043945 0.046990
