0 0.126823 0.825463 0.173437 0.256481
0 0.214323 0.600926 0.114062 0.188889
0 0.293490 0.402315 0.098437 0.154630
0 0.369010 0.833333 0.217188 0.333333
0 0.669531 0.828241 0.219271 0.343519
0 0.399479 0.577315 0.176042 0.250926
0 0.345573 0.352315 0.059896 0.119444
0 0.443229 0.433796 0.077083 0.099074
0 0.469271 0.367593 0.072917 0.100000
0 0.479687 0.266667 0.071875 0.138889
0 0.089063 0.309259 0.073958 0.135185
0 0.028125 0.273611 0.054167 0.102778
0 0.152865 0.247685 0.069271 0.123148
0 0.060937 0.187963 0.046875 0.074074
0 0.155208 0.135648 0.038542 0.058333
0 0.257552 0.147685 0.035937 0.069444
0 0.214323 0.131019 0.035937 0.052778
0 0.333073 0.085648 0.030729 0.065741
0 0.292969 0.122222 0.032813 0.053704
0 0.402604 0.199537 0.052083 0.073148
0 0.614323 0.477315 0.084896 0.097222
0 0.591406 0.412500 0.080729 0.117593
0 0.588281 0.314352 0.065104 0.075000
0 0.581250 0.252315 0.053125 0.063889
0 0.804427 0.478241 0.172396 0.349074
0 0.560937 0.136574 0.050000 0.106481
0 0.407552 0.142593 0.048438 0.066667
