0 0.103125 0.883677 0.198750 0.213884
0 0.116875 0.721388 0.216250 0.238274
0 0.104375 0.512195 0.206250 0.270169
0 0.098125 0.283302 0.121250 0.142589
0 0.298125 0.293621 0.123750 0.144465
0 0.376250 0.451220 0.167500 0.242026
0 0.404375 0.590994 0.186250 0.195122
0 0.484375 0.755159 0.223750 0.238274
0 0.551250 0.892120 0.262500 0.215760
0 0.282500 0.202627 0.112500 0.135084
0 0.242500 0.151032 0.090000 0.136961
0 0.866250 0.775797 0.267500 0.407129
0 0.748125 0.644465 0.158750 0.238274
0 0.650000 0.451220 0.165000 0.181989
0 0.587500 0.376173 0.135000 0.155722
0 0.535625 0.303940 0.136250 0.131332
0 0.409375 0.135084 0.083750 0.112570
0 0.500000 0.227017 0.115000 0.157598
0 0.448750 0.205441 0.087500 0.144465
0 0.942500 0.429644 0.115000 0.277674
0 0.857500 0.373358 0.130000 0.131332
0 0.838750 0.298311 0.140000 0.142589
0 0.763125 0.264540 0.111250 0.157598
0 0.708750 0.221388 0.107500 0.116323
0 0.508125 0.040338 0.071250 0.073171
0 0.565625 0.092871 0.083750 0.084428
0 0.604375 0.123827 0.088750 0.101313
0 0.957500 0.232645 0.085000 0.116323
0 0.736250 0.077861 0.082500 0.073171
0 0.828750 0.163227 0.075000 0.090056
