0 0.214202 0.911458 0.224178 0.177083
0 0.170188 0.705208 0.187793 0.256250
0 0.121479 0.594792 0.144366 0.243750
0 0.109155 0.475000 0.150235 0.200000
0 0.086854 0.371875 0.145540 0.218750
0 0.569836 0.855208 0.240610 0.289583
0 0.481808 0.726042 0.219484 0.318750
0 0.422535 0.583333 0.192488 0.270833
0 0.317488 0.458333 0.151408 0.208333
0 0.267606 0.370833 0.138498 0.212500
0 0.214789 0.290625 0.119718 0.185417
0 0.110915 0.152083 0.095070 0.129167
0 0.896714 0.868750 0.206573 0.262500
0 0.802230 0.809375 0.196009 0.252083
0 0.707160 0.653125 0.203052 0.243750
0 0.633216 0.578125 0.163146 0.202083
0 0.553991 0.473958 0.171362 0.185417
0 0.504695 0.392708 0.124413 0.127083
0 0.449531 0.341667 0.133803 0.187500
0 0.615023 0.335417 0.124413 0.154167
0 0.709507 0.416667 0.163146 0.200000
0 0.835681 0.565625 0.190141 0.206250
0 0.654930 0.180208 0.117371 0.135417
0 0.704225 0.244792 0.119718 0.139583
0 0.780516 0.281250 0.136150 0.120833
0 0.893192 0.426042 0.131455 0.160417
0 0.830986 0.378125 0.133803 0.172917
