0 0.600476 0.946429 0.147619 0.107143
0 0.498571 0.865000 0.124762 0.172857
0 0.060476 0.687143 0.113333 0.122857
0 0.119048 0.744286 0.125714 0.122857
0 0.172857 0.875714 0.117143 0.162857
0 0.255238 0.802143 0.123810 0.147143
0 0.034762 0.591429 0.065714 0.105714
0 0.338571 0.707857 0.109524 0.130000
0 0.244286 0.649286 0.111429 0.135714
0 0.080476 0.531429 0.077143 0.091429
0 0.130952 0.475714 0.067619 0.088571
0 0.150000 0.438571 0.060000 0.088571
0 0.208095 0.510714 0.079048 0.130000
0 0.426667 0.633571 0.087619 0.127143
0 0.313333 0.559286 0.091429 0.115714
0 0.036667 0.432143 0.071429 0.210000
0 0.093333 0.335000 0.102857 0.161429
0 0.239524 0.462857 0.052381 0.077143
0 0.245714 0.422857 0.062857 0.082857
0 0.330000 0.468571 0.061905 0.088571
0 0.437619 0.525000 0.080952 0.115714
0 0.155714 0.255714 0.075238 0.105714
0 0.170952 0.377857 0.048571 0.075714
0 0.342381 0.356429 0.063810 0.098571
0 0.799524 0.923571 0.143810 0.152857
0 0.548095 0.753571 0.119048 0.121429
0 0.959524 0.915714 0.080952 0.168571
0 0.841429 0.810000 0.122857 0.168571
0 0.664762 0.837857 0.135238 0.152857
0 0.721429 0.755714 0.100000 0.125714
0 0.578571 0.706429 0.092381 0.115714
0 0.723810 0.510000 0.089524 0.151429
0 0.684286 0.429286 0.069524 0.152857
0 0.875714 0.719286 0.101905 0.121429
0 0.833333 0.573571 0.078095 0.101429
0 0.079048 0.905000 0.156190 0.190000
0 0.946667 0.570000 0.072381 0.094286
0 0.447619 0.465714 0.064762 0.068571
0 0.795238 0.396429 0.053333 0.070000
0 0.830952 0.425000 0.063810 0.078571
0 0.881429 0.487143 0.058095 0.085714
0 0.921905 0.513571 0.078095 0.081429
0 0.741905 0.337857 0.049524 0.061429
0 0.673333 0.278571 0.040000 0.054286
0 0.228095 0.273571 0.044762 0.047143
0 0.793333 0.330714 0.041905 0.055714
0 0.830952 0.342143 0.061905 0.070000
0 0.605714 0.652857 0.081905 0.114286
0 0.741905 0.668571 0.095238 0.140000
0 0.863333 0.650714 0.077143 0.098571
