0 0.206981 0.623775 0.183442 0.482843
0 0.301948 0.914216 0.172078 0.171569
0 0.073864 0.594363 0.144481 0.262255
0 0.249188 0.251225 0.082792 0.178922
0 0.328734 0.333333 0.105519 0.176471
0 0.427760 0.634804 0.147727 0.299020
0 0.499188 0.443627 0.095779 0.161765
0 0.478084 0.314951 0.086039 0.129902
0 0.381494 0.229167 0.055195 0.129902
0 0.208604 0.164216 0.076299 0.073529
0 0.663149 0.508578 0.121753 0.208333
0 0.758929 0.727941 0.173701 0.328431
0 0.881494 0.529412 0.175325 0.230392
0 0.880682 0.373775 0.112013 0.139706
0 0.508929 0.220588 0.069805 0.117647
0 0.492695 0.162990 0.053571 0.071078
0 0.342532 0.136029 0.061688 0.085784
0 0.511364 0.102941 0.048701 0.078431
0 0.434253 0.080882 0.047078 0.058824
0 0.668019 0.230392 0.147727 0.367647
0 0.762987 0.261029 0.045455 0.120098
0 0.745942 0.158088 0.073052 0.120098
0 0.579545 0.044118 0.038961 0.068627
0 0.774351 0.091912 0.042208 0.066176
