0 0.051389 0.694901 0.097222 0.166118
0 0.149074 0.853618 0.127778 0.236842
0 0.384722 0.887336 0.143519 0.225329
0 0.503241 0.938322 0.160185 0.123355
0 0.592130 0.826480 0.126852 0.215461
0 0.686574 0.917763 0.149074 0.164474
0 0.507407 0.703947 0.129630 0.223684
0 0.427778 0.662007 0.085185 0.162829
0 0.406019 0.597039 0.087963 0.141447
0 0.357870 0.522204 0.073148 0.129934
0 0.369907 0.412007 0.082407 0.110197
0 0.539352 0.432566 0.147222 0.292763
0 0.485648 0.333882 0.095370 0.240132
0 0.746759 0.636513 0.284259 0.447368
0 0.296296 0.706414 0.116667 0.169408
0 0.096759 0.623355 0.095370 0.161184
0 0.444907 0.144737 0.041667 0.085526
0 0.252315 0.562500 0.091667 0.128289
