0 0.350000 0.928472 0.082812 0.143056
0 0.288281 0.881944 0.078125 0.125000
0 0.419531 0.963194 0.076563 0.073611
0 0.435156 0.899306 0.071875 0.081944
0 0.398047 0.822222 0.075781 0.083333
0 0.653516 0.904167 0.089844 0.119444
0 0.595313 0.671528 0.051562 0.070833
0 0.593359 0.754167 0.072656 0.094444
0 0.919141 0.916667 0.088281 0.130556
0 0.556250 0.602778 0.048438 0.069444
0 0.462500 0.729861 0.059375 0.098611
0 0.625000 0.658333 0.045312 0.072222
0 0.732812 0.931944 0.071875 0.097222
0 0.511328 0.848611 0.069531 0.094444
0 0.512500 0.931944 0.078125 0.113889
0 0.385937 0.705556 0.051562 0.072222
0 0.532813 0.525000 0.045312 0.069444
