0 0.156250 0.780556 0.199167 0.214444
0 0.343333 0.595556 0.148333 0.148889
0 0.228750 0.495000 0.124167 0.127778
0 0.080417 0.438333 0.115833 0.101111
0 0.400000 0.454444 0.090000 0.128889
0 0.069583 0.285556 0.137500 0.171111
0 0.322917 0.176667 0.174167 0.117778
0 0.327500 0.280000 0.068333 0.073333
0 0.627917 0.535556 0.094167 0.182222
0 0.646667 0.783889 0.161667 0.258889
0 0.790000 0.619444 0.141667 0.218889
0 0.379167 0.355556 0.068333 0.084444
0 0.422917 0.252222 0.047500 0.062222
0 0.856667 0.527222 0.115000 0.147778
0 0.731250 0.501111 0.080833 0.140000
0 0.629167 0.380556 0.073333 0.110000
0 0.749583 0.267222 0.062500 0.087778
0 0.832083 0.293333 0.065833 0.077778
0 0.924583 0.223333 0.059167 0.062222
0 0.444583 0.387222 0.072500 0.090000
0 0.468333 0.322222 0.065000 0.071111
0 0.493333 0.281111 0.061667 0.086667
0 0.477083 0.197222 0.045833 0.047778
0 0.630000 0.308333 0.061667 0.072222
0 0.872917 0.177778 0.042500 0.057778
0 0.658333 0.184444 0.043333 0.057778
