0 0.123500 0.821589 0.143000 0.164918
0 0.212500 0.938531 0.161000 0.122939
0 0.311000 0.816342 0.108000 0.148426
0 0.187500 0.722639 0.107000 0.137931
0 0.222000 0.638681 0.098000 0.113943
0 0.323500 0.714393 0.095000 0.085457
0 0.503500 0.856072 0.117000 0.188906
0 0.671000 0.791604 0.122000 0.176912
0 0.067500 0.661169 0.115000 0.113943
0 0.132000 0.586957 0.090000 0.103448
0 0.259000 0.583208 0.080000 0.092954
0 0.280000 0.517241 0.076000 0.068966
0 0.212500 0.485757 0.067000 0.080960
0 0.340000 0.632684 0.090000 0.128936
0 0.374500 0.571214 0.067000 0.086957
0 0.514500 0.693403 0.107000 0.229385
0 0.488000 0.569715 0.064000 0.095952
0 0.488000 0.510495 0.062000 0.088456
0 0.313000 0.449775 0.064000 0.080960
0 0.538500 0.407796 0.053000 0.095952
0 0.717500 0.931784 0.151000 0.136432
0 0.670500 0.682159 0.093000 0.134933
0 0.609500 0.633433 0.075000 0.121439
0 0.621000 0.570465 0.072000 0.088456
0 0.585500 0.517991 0.059000 0.088456
0 0.837000 0.833583 0.144000 0.236882
0 0.787000 0.685907 0.106000 0.169415
0 0.704500 0.596702 0.063000 0.089955
0 0.687500 0.538231 0.073000 0.119940
0 0.029000 0.752624 0.056000 0.173913
0 0.914500 0.727886 0.121000 0.160420
0 0.807500 0.571214 0.083000 0.074963
0 0.854000 0.643178 0.090000 0.101949
0 0.943500 0.613943 0.097000 0.082459
0 0.968500 0.681409 0.063000 0.103448
0 0.874000 0.549475 0.094000 0.115442
0 0.800500 0.433283 0.121000 0.152924
0 0.289500 0.347076 0.065000 0.097451
0 0.959500 0.526237 0.081000 0.104948
